0 
0 
1 
0 
1 
2 
0 
1 
2 
3 
0 
1 
2 
3 
4 
0 
1 
2 
3 
4 
5 
0 
1 
2 
3 
4 
5 
6 
0 
1 
2 
3 
4 
5 
6 
7 
0 
1 
2 
3 
4 
5 
6 
7 
8 
0 
1 
2 
3 
4 
5 
6 
7 
8 
9 
0 
1 
2 
3 
4 
5 
6 
7 
8 
9 
4 
0 
1 
2 
3 
4 
5 
6 
7 
8 
9 
4 
5 
0 
1 
2 
3 
4 
5 
6 
7 
8 
9 
4 
5 
6 
0 
1 
2 
3 
4 
5 
6 
7 
8 
9 
4 
5 
6 
1 
0 
1 
2 
3 
4 
5 
6 
7 
8 
9 
4 
5 
6 
1 
2 
0 
1 
2 
3 
4 
5 
6 
7 
8 
9 
4 
5 
6 
1 
2 
3 
0 
1 
2 
3 
4 
5 
6 
7 
8 
9 
4 
5 
6 
1 
2 
7 
0 
1 
2 
3 
4 
5 
6 
7 
8 
9 
4 
5 
6 
1 
2 
7 
3 
0 
1 
2 
3 
4 
5 
6 
7 
8 
9 
4 
5 
6 
1 
2 
8 
0 
1 
2 
3 
4 
5 
6 
7 
8 
9 
4 
5 
6 
1 
2 
8 
3 
0 
1 
2 
3 
4 
5 
6 
7 
8 
9 
4 
5 
6 
1 
2 
9 
0 
1 
2 
3 
4 
5 
6 
7 
8 
9 
4 
5 
6 
1 
2 
9 
3 
0 
1 
2 
3 
4 
5 
6 
7 
8 
9 
4 
5 
6 
1 
3 
0 
1 
2 
3 
4 
5 
6 
7 
8 
9 
4 
5 
6 
1 
3 
2 
0 
1 
2 
3 
4 
5 
6 
7 
8 
9 
4 
5 
6 
1 
3 
7 
0 
1 
2 
3 
4 
5 
6 
7 
8 
9 
4 
5 
6 
1 
3 
7 
2 
0 
1 
2 
3 
4 
5 
6 
7 
8 
9 
4 
5 
6 
1 
3 
8 
0 
1 
2 
3 
4 
5 
6 
7 
8 
9 
4 
5 
6 
1 
3 
8 
2 
0 
1 
2 
3 
4 
5 
6 
7 
8 
9 
4 
5 
6 
1 
3 
9 
0 
1 
2 
3 
4 
5 
6 
7 
8 
9 
4 
5 
6 
1 
3 
9 
2 
0 
1 
2 
3 
4 
5 
6 
7 
8 
9 
4 
5 
6 
1 
7 
0 
1 
2 
3 
4 
5 
6 
7 
8 
9 
4 
5 
6 
1 
7 
2 
0 
1 
2 
3 
4 
5 
6 
7 
8 
9 
4 
5 
6 
1 
7 
2 
3 
0 
1 
2 
3 
4 
5 
6 
7 
8 
9 
4 
5 
6 
1 
7 
3 
0 
1 
2 
3 
4 
5 
6 
7 
8 
9 
4 
5 
6 
1 
7 
3 
2 
0 
